Taxa,PC1,PC2,PC3,PC4,PC5
4226,0.014650529,-0.030106077,-0.0011949171,-0.003281213,-0.01097243
4722,0.0073858015,-0.06284565,-0.035953637,-0.13260178,-0.010742138
33-16,0.0048921704,-0.032893956,0.011824112,-0.009105036,-0.002499731
38-11,0.03878376,-0.040073182,0.0035994248,0.020913249,-0.02266626
A188,0.0032146086,-0.037543852,-0.0047923215,-0.014928201,-1.2681191E-4
A214N,0.07298846,0.06662696,0.13387151,-0.025209028,0.022737114
A239,0.028199429,-0.038230546,0.012134331,0.018002713,-0.03657281
A272,-0.0281245,0.008821945,-0.007618664,-0.011120717,-5.520381E-4
A441-5,-0.018154688,-0.011842513,-4.7981046E-4,-0.007576552,-0.0030542742
A554,0.021573978,-0.045885902,-0.009121451,0.039309878,-0.033297926
A556,0.028779399,-0.034315612,-0.0020586872,0.0109429825,-0.02311226
A6,-0.08774369,0.04305356,-9.3115075E-4,4.832212E-4,-0.001152031
A619,0.03447039,-0.07197907,0.00544367,0.030178048,-0.05637631
A632,0.11645598,0.06159805,0.14257005,-0.028318336,0.028800579
A634,0.108270496,0.06034885,0.13830674,-0.027970605,0.025839241
A635,0.11237842,0.06193385,0.1381588,-0.02400253,0.02884438
A641,0.078947686,0.027965957,0.11621478,-0.027869893,0.016447853
A654,0.017866489,-0.04958753,0.0046426724,0.04862945,-0.045600977
A659,0.03164375,-0.034834027,0.020679109,0.014441274,-0.030960638
A661,0.013940692,-0.033182353,0.0040087556,-0.0074316994,-0.015052481
A679,0.13500586,0.101563685,-0.08059659,-0.0060856966,0.009249271
A680,0.14973539,0.11492538,-0.06950106,-0.0019093679,0.009581171
A682,0.029490216,-0.048895262,-0.008418073,0.031639498,0.070329346
Ab28A,0.00482541,-0.026619066,-0.007552649,0.0128151635,-0.002280611
B10,0.094736025,0.0421142,0.028446803,0.00805348,-0.009980145
B103,0.0480718,-0.021057187,0.016709488,0.022945266,-0.0023737957
B104,0.11285589,0.06943529,-0.007156479,0.005121401,0.0014271813
B105,0.081380114,0.032639388,-0.013017883,0.006210005,-0.011829705
B109,0.14347121,0.10956168,-0.053433742,-0.0042341882,0.007280843
B115,0.014073292,-0.036665957,0.0025407323,0.002680612,-0.013276086
B14A,0.1319645,0.08256913,0.14259706,-0.024515888,0.027893182
B164,0.037424427,-0.017424295,0.002788695,0.008895036,-0.01999629
B2,0.031081857,-0.021043966,0.011273574,0.022088448,-0.018051261
B37,0.09844737,0.042948175,-0.06038182,0.012252738,-0.015183183
B46,0.06180037,-0.016712483,0.040478382,0.01727132,-0.03304592
B52,0.037891358,-0.030175729,-0.010742167,0.041551337,-0.032138497
B57,0.0060137813,-0.028104149,0.0016485621,-0.0018250122,-0.009805043
B64,0.086492166,0.07262669,0.14007646,-0.027737983,0.027304176
B68,0.10515374,0.07485744,0.15270916,-0.028595766,0.029272893
B73,0.15433453,0.120763965,-0.06858205,-0.0015483057,0.009278372
B73Htrhm,0.15399438,0.12087889,-0.070493534,-8.4529095E-4,0.0088002235
B75,0.02692518,-0.034183808,0.011045296,0.025386717,-0.013160466
B76,0.085534655,0.034331217,-0.058233686,0.008931279,-0.014136649
B77,6.4266974E-4,-0.026181886,0.003050003,0.0010150683,0.013042096
B79,0.059247777,-0.0098502645,0.050353885,0.007758151,-0.019431531
B84,0.11613401,0.07406815,-0.018754609,0.0027630308,0.0020966695
B97,0.023754364,-0.031627823,0.0046108817,0.014478141,-0.021165289
C103,0.008036667,-0.08402927,-0.018151924,0.033880588,0.1510578
C123,0.006255097,-0.07064017,-0.012424959,0.020317996,0.11441547
C49A,0.013469226,-0.04053656,0.008926075,-0.015329669,-0.011779001
CH701-30,0.02283311,-0.029133795,0.006657735,0.011258477,-0.021979839
CH9,0.018689841,-0.040573448,-0.0010314591,0.057532914,-0.0482166
CI.7,0.013378024,-0.031591162,0.0049148984,-0.0037538374,-0.004503409
CI187-2,-0.0113924565,-0.012477602,0.003428004,0.008291535,-0.017350301
CI21E,0.03920441,1.7544022E-4,-0.00438393,0.008598736,-0.016199162
CI28A,8.886399E-4,-0.012840496,0.013071806,0.016263725,-0.014732338
CI31A,0.008860948,-0.023468392,-0.003025456,-0.0030102986,-0.005219513
CI3A,0.018657358,-0.028294861,0.013205222,-0.007469236,-0.0049450267
CI64,-0.01627315,-0.017151752,0.0037447964,-0.009063375,-0.010890828
CI66,-0.01864736,-0.0188669,-0.0030582557,-0.008470769,-0.0057834894
CI90C,-0.0040736855,-0.024272405,0.0025363513,0.0096330065,-0.023485769
CI91B,0.048843067,-0.007874086,-0.032584105,0.037157886,-0.0070064603
CM105,0.11713713,0.06478126,0.09827321,-0.0271985,0.01599072
CM174,0.1045652,0.04687697,0.1266155,-0.034625575,0.019123085
CM37,0.0292074,-0.071063295,0.0056103403,-0.055494305,0.003304534
CM7,0.014536672,-0.040689263,0.0026799382,-0.020600988,-0.0036032202
CML10,-0.094239295,0.040643424,5.5588194E-4,-0.0051551047,-0.0042489627
CML103,-0.05726966,0.024674851,1.9160796E-4,-0.0068638925,-0.0032830425
CML108,-0.06881071,0.023570592,-0.0043594516,3.3407853E-4,0.0014146565
CML11,-0.09291816,0.040823687,7.362066E-4,-0.00495065,-0.0033512819
CML14,-0.08517312,0.040495556,0.0039586355,-0.0021704808,-0.0051381025
CML154Q,-0.08440254,0.03591094,0.0043927254,0.0019551206,-0.0014172131
CML157Q,-0.08405065,0.03700887,1.334276E-4,-0.0035069615,-0.004182281
CML158Q,-0.07929045,0.038044896,-0.0019670897,-0.0067580272,-0.0031655112
CML218,-0.07977514,0.03201701,-0.0014348655,-0.0018935909,-0.0033210255
CML220,-0.07776547,0.033412892,0.0043625464,-0.0029085907,-0.0066690883
CML228,-0.083619826,0.0413539,-0.004248632,0.0013913896,-0.0034908256
CML238,-0.0866159,0.037272975,-8.8623277E-4,0.0021697101,-0.0025114191
CML247,-0.09003734,0.04235769,0.0019637074,-0.004835177,-0.004409885
CML254,-0.09066984,0.036952376,0.002603138,-0.004486486,-0.004687314
CML258,-0.09056263,0.04022175,-0.0024883016,-0.004859923,-0.0077740857
CML261,-0.08594761,0.038527578,0.0042721382,-3.7744374E-4,-0.00677425
CML264,-0.092100605,0.04242633,0.0031375259,-5.176917E-4,-0.005630031
CML277,-0.08697502,0.046022028,-8.762069E-4,-0.0025081753,-0.0070660925
CML281,-0.08320508,0.04006361,0.0020361072,-0.0017984246,-0.0037087926
CML287,-0.0870978,0.037203114,0.0014112127,-0.0031487078,-0.003758375
CML311,-0.074351564,0.029885499,0.0053719594,-0.009370104,-0.0046654805
CML314,-0.08341125,0.03415162,-1.946276E-4,-9.3865E-4,-0.0050800564
CML321,-0.0880331,0.034456808,-9.819304E-4,-0.003875708,3.0194508E-4
CML322,-0.066994384,0.0430503,0.014397754,-0.0058057574,-0.006919664
CML323,-0.051288664,0.019328622,0.0056859166,-0.0066735516,0.0029799505
CML328,-0.06764773,0.025950495,6.5265084E-4,-0.0018881306,-0.0051078256
CML331,-0.07977341,0.042330656,0.008736922,-0.005904123,-0.005943831
CML332,-0.08486591,0.043826926,0.0032471837,-0.004738116,-0.006129046
CML333,-0.063357525,0.034649834,-2.4713133E-4,2.4924986E-4,-3.945693E-4
CML341,-0.08817982,0.044986896,-1.8841006E-6,-0.0024598178,-0.0025789703
CML38,-0.08736757,0.036930345,0.002923736,-3.43521E-4,-0.004122499
CML45,-0.08770351,0.038762316,-5.311221E-4,-0.0017300147,-0.00414311
CML5,-0.08591903,0.0350286,-6.344082E-5,-9.923289E-4,-0.0044499054
CML52,-0.08114889,0.040889215,-0.0011567982,-7.967245E-4,-0.0047227344
CML61,-0.08698549,0.039837483,0.0011649837,-0.0032431134,-0.005422951
CML69,-0.077738024,0.04178503,-0.0022362024,-0.0012549062,-0.003476154
CML77,-0.052707918,0.028699094,0.008494226,-0.0024109168,0.007123554
CML91,-0.05635817,0.023292378,0.012957128,-0.0039472375,-1.8066498E-4
CML92,-0.048284043,0.03809265,0.018770004,-6.958704E-4,-0.0019739955
CMV3,0.017068103,-0.033976253,0.021666536,-0.025510976,-0.008338941
CO106,0.011932037,-0.0352574,9.433492E-4,-0.012431018,-0.009851817
CO125,0.012508313,-0.02876689,-0.0060413536,-0.005181574,-0.010405666
CO255,-5.6065904E-4,-0.04834614,-0.008136725,-0.045394756,-0.0041902224
D940Y,-0.015735248,-0.02299791,0.002019153,0.003584076,0.010308028
DE_2,0.02419705,-0.03431927,-0.005183857,0.038764525,-0.013444613
DE_3,0.031371262,-0.016546486,-0.021544514,0.026213925,0.014919777
DE1,0.02080049,-0.035783462,-0.0030167738,0.040854815,-0.011385254
DE811,0.073728055,0.04540304,0.09065908,-0.012321189,0.048794255
E2558W,-0.019199325,-0.019751433,0.0018849253,-0.0059300913,-0.008219029
EP1,-0.0152868405,-0.03742511,-0.01287948,-0.0524037,0.003188566
F2834T,-0.046047766,0.0053726644,0.0027576217,-0.010593411,-0.0037564056
F44,-0.018424122,-0.016496396,-0.0046898876,-0.01043677,0.002887393
F6,-0.012654175,-0.024096975,-0.0037881597,-0.013155879,0.006883275
F7,-0.0011669192,-0.053307123,-0.0122415265,-0.054981202,9.906427E-6
GA209,-0.007976476,-0.023391929,-0.0013187503,-0.013728698,0.0013739858
GT112,-0.027955044,-0.014333775,-0.0053865085,0.004249669,0.015925983
H105W,0.08976288,0.03848586,0.12413978,-0.030855924,0.027766291
H49,0.01880319,-0.04713381,0.0043215244,0.0954444,-0.06232079
H84,0.07198286,0.024118518,-0.044109505,0.0067754267,-0.007038304
H91,0.123046674,0.077080056,0.14158508,-0.021971485,0.028516665
H95,0.0133006945,-0.047799144,-0.0014992014,0.022739878,-0.043664902
H99,0.015723579,-0.046169046,-0.0012317278,0.015639074,-0.032513563
Hi27,-0.027408239,0.05056723,0.05597842,-0.009247177,0.0115402695
HP301,0.011013859,-0.06754469,-0.047989655,-0.16109197,-0.009454922
Hy,0.05692578,-0.008360299,-0.0015542676,0.015554646,-0.022460783
I137TN,-0.03879881,-0.0011928673,-0.0019851474,-0.011285839,-0.0037760427
I205,0.053463668,0.0050919135,0.04854873,0.002978532,-0.0050309645
I29,-0.0016081296,-0.044500224,-0.0125904465,-0.076486275,-0.004929002
IA2132,0.032653082,-0.0705204,-0.016665235,-0.0587367,-0.0044102026
Ia5125,0.036034513,-0.066350855,-0.008486047,-0.047858715,-0.0069196275
IDS28,0.00881676,-0.060938954,-0.023919566,-0.091631666,-0.006915072
IDS69,0.010008753,-0.07071981,-0.04807315,-0.16025431,-0.011489554
IDS91,0.010601336,-0.070653364,-0.049103912,-0.16022433,-0.0113540115
Il101,0.04667191,-0.09399321,-0.017890533,-0.08125241,0.0026764853
Il14H,0.042385362,-0.08571298,-0.019485954,-0.079214,0.0027132682
Il677a,0.026241777,-0.06641364,-0.015121602,-0.06463202,-0.0013448189
K148,0.0011108868,-0.03129383,-9.876821E-4,-0.0024378619,-0.00984267
K4,0.013411711,-0.024367215,-0.0018640865,0.00663037,-0.012069592
K55,-0.0022837624,-0.028289372,-0.0037488588,-0.0115612075,-0.0027264508
K64,0.0030099691,-0.028114622,0.006071567,-0.011622985,-0.006895326
Ki11,-0.074051656,0.039244395,-4.7817582E-4,0.0014626716,0.0032231857
Ki14,-0.07926631,0.034100614,-0.0010974786,-9.4602845E-5,0.0010401435
Ki2021,-0.08156524,0.034740686,-0.004720307,4.5404653E-4,0.0013712344
Ki21,-0.04396939,0.0018172027,-0.015834033,0.02421628,0.043799855
Ki3,-0.08627692,0.042000897,-0.0036209598,6.373459E-4,-0.003362949
Ki43,-0.077932835,0.025260614,0.0012214383,0.001876314,0.001876792
Ki44,-0.07330744,0.033032246,-0.005684718,0.0019654795,-0.0052544405
Ky21,0.011445121,-0.023929067,0.0013789467,-0.011397365,0.003438143
KY226,-0.005065576,-0.0014543027,-0.011864009,0.024759727,-0.0236318
KY228,0.0017845203,-0.027100552,-2.900841E-4,-0.0076773595,-0.0024795672
L317,0.0052183676,-0.047257982,0.007135428,-0.010644369,-0.0021829705
L578,-0.03212373,-0.006024005,-0.0016862004,-0.004691611,0.013629718
M14,0.038967986,-0.03974738,0.0063173017,0.0127839865,-0.024491133
M162W,-0.024019022,-0.011936334,0.0062790476,-0.005159145,-0.008361251
M37W,-0.03337401,-7.299451E-5,0.0015596679,-0.006403257,0.0024340318
MEF156-55-2,0.029069385,-0.07093887,-0.020192767,-0.054174878,-5.8800302E-5
Mo17,0.02939619,-0.052065108,-0.029277202,0.045799892,0.095270716
Mo18W,-0.054170612,0.012129063,0.00271065,0.028687302,-0.019797586
MO1W,0.008185645,-0.034835253,0.0017081513,0.09529674,-0.060519725
Mo24W,-0.008226223,-0.014373359,-0.00398104,-0.003865893,-0.002241944
Mo44,0.033192683,-0.035289347,0.0011021422,0.037420828,-0.037600383
Mo45,0.020949047,-0.002565109,0.0039856858,0.01193413,0.02202436
Mo46,0.027628098,-0.00898281,0.003764124,0.024704251,0.022938622
Mo47,0.009376034,0.003793095,0.007097582,0.0029668484,0.010063289
MoG,0.006324942,-0.034447294,0.00564908,-0.010751836,7.3378347E-4
Mp339,-0.021155877,-0.008897622,0.0035053708,-0.008419344,-0.0019988755
MS1334,0.004340732,-0.037670404,-0.0042427974,-0.015722947,-0.004023056
MS153,0.026358398,-0.04259889,-0.002450114,-0.014122538,-0.01726823
MS71,0.036679134,-0.029909423,-1.4082076E-4,0.0130626755,-0.030291617
Mt42,0.0118609695,-0.03440679,0.003290164,-0.0178421,-0.0072092577
N192,0.14800455,0.11263716,0.0022953164,-0.01009267,0.01974599
N28Ht,0.08043863,0.033342388,0.005913388,0.0044611683,-0.007013195
N6,0.009215502,-0.029260643,-0.0055177244,-0.013394018,-0.006980501
N7A,0.074704155,0.01892409,0.04076214,-0.0011400126,-0.0028500569
NC222,-0.0036799978,-0.027388178,0.0024589743,-0.01056395,-0.0016393467
NC230,-0.0023991656,-0.03068135,-0.0077638337,-0.015586714,0.0012628164
NC232,-0.0057393466,-0.024042333,4.7142323E-4,0.033104613,-0.022412349
NC236,0.0026794933,-0.027540933,-0.00900522,-0.005465004,-0.0015546189
NC238,-0.016356148,-0.017253064,-0.0018348435,0.007795415,0.011147597
NC250,0.061431095,0.05347188,-0.077009656,0.011907727,-0.007003675
NC258,-6.49397E-4,-0.07323322,-0.016649844,0.035712246,0.16051818
NC260,0.025406934,-0.035234958,-0.004965467,0.039599992,-0.004630906
NC262,-1.0987706E-4,-0.07307139,-0.02128019,0.04134175,0.1733443
NC264,-0.044248395,-0.0038051158,1.7364917E-5,-0.01656159,-2.5356965E-4
NC290A,-0.0015405229,-0.07432548,-0.024075676,0.043246184,0.1760149
NC294,0.12717684,0.10098154,-0.10037451,0.006508811,0.0033143582
NC296,-0.13229729,0.07770262,8.1372174E-4,-5.448933E-4,-0.0081217475
NC296A,-0.13212016,0.077548526,-1.9893685E-4,-2.0855725E-4,-0.00856744
NC298,-0.12083832,0.068771675,0.0024449178,0.004436349,-0.005368076
NC300,-0.09838045,0.044474594,-0.0015307271,0.002431698,0.0020441704
NC302,-0.1169923,0.067661844,0.0010493118,0.001637517,-0.008478435
NC304,-0.1061639,0.061467305,-0.0028895864,0.0011792189,-0.0046265214
NC306,0.1287049,0.11377522,-0.099293604,0.0025722624,0.0049977517
NC310,0.14505085,0.12150736,-0.0761326,0.0034450612,0.006121145
NC314,0.11193036,0.097692855,-0.093010195,0.006392736,0.0035607493
NC318,-0.036509536,-0.008495267,6.895468E-4,-0.013409438,1.1147442E-4
NC320,-0.043061186,-0.0028283685,0.0050997394,-0.007673697,1.7281123E-5
NC324,0.106398754,0.09856434,-0.09557518,0.007705848,0.0022504807
NC326,0.1537235,0.121808834,-0.06963273,-4.6599336E-4,0.009365898
NC328,0.14407787,0.12013552,-0.08378956,0.005609606,0.004686678
NC33,-0.008908779,-0.026050843,-0.002572393,-0.008370807,-0.0021359392
NC336,-0.13069211,0.07769867,9.419219E-4,0.0011435731,-0.008217799
NC338,-0.118334346,0.068416476,-0.0019726197,-0.0021820327,-0.0053486777
NC340,-0.09867419,0.04511038,-0.002905191,4.687306E-4,0.0021252893
NC342,-9.6091034E-4,-0.06881063,-0.021396164,0.039868813,0.16284905
NC344,-0.0021023608,-0.07324834,-0.019083463,0.03744912,0.16282392
NC346,-0.1316372,0.07773845,8.090677E-4,3.970632E-4,-0.008978583
NC348,-0.11924756,0.067570336,0.0017220201,0.0026445435,-0.0032011925
NC350,-0.11039566,0.066279724,-0.0014924965,0.0018057463,-0.0058206576
NC352,-0.13090162,0.076595336,0.0014646741,0.0014537789,-0.0080426745
NC354,-0.118300304,0.06757828,-0.0019126724,0.0017616077,-0.0075102015
NC356,-0.09818753,0.043534692,-0.0014345186,0.0013974444,-0.004966973
NC358,-0.086456604,0.044118147,-0.002068164,-0.007035025,-0.0011255698
NC360,-0.053231172,-0.017815365,-0.014398445,0.027825195,0.11592631
NC362,-0.038218904,-0.038238805,-0.019104822,0.031037549,0.14852141
NC364,-0.03828744,-0.038312882,-0.0190681,0.031007055,0.14860563
NC366,-0.043146245,0.0018219887,-0.0021917543,0.012590747,0.026654558
NC368,0.119007155,0.10875348,-0.08720027,0.0030037984,0.0022729645
ND246,0.012486035,-0.042288493,-0.0024588364,-0.019173171,-0.01213523
Oh40B,0.023344522,-0.075218566,-4.244545E-4,0.01752161,-0.02416949
Oh43,0.037911292,-0.072456405,0.0071569094,0.03599583,-0.058343254
Oh43E,0.0381659,-0.0753278,0.0043483917,0.053460848,-0.067981124
Oh603,-0.011288578,-0.02111278,-8.432521E-4,0.033548545,0.013811642
OH7B,0.043143775,-0.0139867645,0.03938731,0.00648263,-0.008016561
Os420,0.03653334,-0.024875449,-0.0016691501,0.012920794,-0.023221318
P39,0.05011328,-0.094792105,-0.02260144,-0.08511348,-8.996248E-4
Pa762,0.028057262,-0.06935775,0.00604316,0.033007335,-0.04449044
Pa875,0.003554759,-0.027632134,-0.011413072,0.037810538,-0.028681662
Pa880,0.009798038,-0.031676296,-0.0011646363,0.04926209,-0.011864071
Pa91,0.040585924,-0.06887368,0.0030597972,0.071215004,-0.06471896
R109B,0.01828095,-0.028365286,0.0030714152,0.0013157349,-0.018056905
R168,0.029826766,-0.04476435,0.010692079,0.0037365681,-0.023282986
R177,0.026394824,-0.0531276,0.012222016,0.015107079,-0.03910075
R229,0.13442574,0.12034544,-0.07165049,0.0016827087,0.008360624
R4,0.041985467,-0.03105374,-0.0010259165,0.03243816,-0.044401772
SA24,0.0034389647,-0.06918053,-0.044255584,-0.13717896,-0.009251755
SC213R,-0.024820482,-0.018234938,-0.0025600577,0.002099808,0.0169811
SC357,-0.02009064,-0.012932132,0.002266783,-0.0084132245,0.006334164
SC55,-0.032590415,-0.0130605735,-0.0025715893,-0.010085354,0.0069276784
SD40,0.060945768,1.3716529E-4,-0.0033246893,0.025557626,0.003174872
SD44,0.030994548,-0.040683825,-0.007594894,0.05264747,-0.040595744
Sg1533,0.0021080584,-0.06326443,-0.035699777,-0.1334281,-0.014588928
Sg18,0.009273781,-0.0625303,-0.037599944,-0.14657545,-0.011941775
T232,0.0069740587,-3.5595451E-4,0.018952047,-0.012954789,0.001258954
T234,-1.20465076E-4,-0.027427025,0.0053747697,0.003778553,-0.0080308365
T8,-0.008177874,-0.04073822,6.0226326E-4,0.03124348,0.012043948
Tx303,-0.03041648,0.004863634,-0.0014342058,-0.0032046642,-0.0055648796
Tx601,-0.07829853,0.030749563,-1.1500339E-4,-0.005402368,-0.0016385409
Tzi10,-0.07602598,0.02890708,-0.0021662505,-0.005392848,4.9454486E-4
Tzi11,-0.05103513,0.02927721,-0.007707538,-3.9119186E-5,6.7624147E-4
Tzi16,-0.022975534,0.030643618,-0.011085892,8.333064E-4,-0.0063469387
Tzi18,-0.084591724,0.037685733,0.0019440704,-0.002233951,-0.0020804412
Tzi25,-1.9256872E-4,0.06325628,-0.02609208,-0.0027795262,0.0031695738
Tzi8,-0.069188975,0.038168617,-0.0016821641,0.0032455553,-0.0034360983
Tzi9,-0.07503858,0.028135939,0.0040896297,0.0013958785,-0.0065374016
U267Y,-0.024681855,-0.014273048,-0.0026088336,0.030067852,-0.016692681
VA102,0.13474858,0.10147044,-0.081142075,-0.0062329266,0.008847869
Va14,0.012326908,-0.05368763,0.0028150103,0.07832636,-0.025579585
Va17,0.013051274,-0.06006997,0.0012672473,0.09668635,-0.030537454
Va22,0.0048550554,-0.055856474,-0.004738942,0.06830456,0.015236097
Va26,0.029918805,-0.05621237,0.006012492,0.025746735,-0.049950514
Va35,-0.0020579605,-0.05736149,-0.0034865788,0.039698157,0.05584068
Va59,-0.0033431419,-0.062389992,-0.007805883,0.04059705,0.08904943
Va85,0.021795897,-0.046905696,0.0062653976,0.011660833,-0.008561755
Va99,0.049779087,-0.038504504,0.029792223,0.039075464,-0.040651646
VaW6,-0.00262756,-0.022906844,0.0038023812,0.023143595,-0.024347192
W117Ht,0.0078107268,-0.03833843,0.0034531618,-0.012537525,-0.007703467
W153R,0.01277805,-0.045038864,0.008183942,0.006656983,-0.023369124
W182B,0.027415808,-0.05364539,0.008275147,0.006293228,-0.030434933
W22,0.03139428,-0.048113756,0.020872483,0.02204651,-0.048018947
W22R-r-std_CS-2909-1,0.032011755,-0.04849666,0.021472689,0.022297513,-0.047008503
W64A,0.039733667,-0.039245773,-0.015534122,0.09100958,-0.051096182
WD,0.013795855,-0.046893407,-0.006426328,-0.015011787,-0.009575943
Wf9,0.03686384,-0.055563893,4.0554657E-4,0.11113678,-0.07054019
Yu796_NS,0.011581896,-0.030775633,-7.903033E-6,0.004143146,0.024229374
