Taxa,diff.tassel,diff.silk,BLUPs.south.GDDtassel,BLUPs.north.GDDtassel,BLUPs.south.GDDsilk,BLUPs.north.GDDsilk,mean.silk,mean.tassel
33-16,12.883696,5.9175096,-0.03487423,2.0937004,1.8121777,1.5903307,1.1015596,0.5043053
38-11,17.761002,21.885006,0.012043725,2.6652913,-1.0597094,2.2567754,0.468566,0.65505004
4226,-3.0421572,2.4210446,-0.61775637,-1.355549,-1.8257301,-1.2312276,-1.0383269,-0.55342114
4722,29.494377,40.79565,0.91724896,6.530985,2.0754995,8.397324,3.8470197,1.9668915
A188,11.750656,20.180838,-2.6671646,-1.677624,-6.505712,-2.386161,-2.7910025,-1.2650223
A214N,65.51962,82.05202,0.6681771,13.987864,-2.9640849,12.7682495,3.870388,3.810945
A239,8.560048,17.193901,-0.4057013,0.5434255,-2.4781637,0.072777055,-0.73746324,0.0017830337
A272,2.0434673,2.0062845,-2.0039246,-2.0129123,-2.64192,-1.4610382,-1.2419236,-1.1257842
A441-5,7.9438844,3.2716997,0.39260152,1.7726396,2.1445153,2.1937861,1.5174302,0.57705504
A554,-5.1767955,-11.198869,-0.86233,-1.9283155,-1.3774517,-3.0003424,-1.4898361,-0.74099123
A556,-4.159605,-3.1588535,-0.765595,-2.0393372,-3.0585337,-3.2780755,-2.0896573,-0.7355253
A6,-24.40718,-48.369953,2.8710234,-0.07936649,7.872086,-0.5816757,2.2571087,0.91414016
A619,1.2367125,-5.1890683,-1.2291416,-1.4518245,-1.163825,-2.405125,-1.2992498,-0.7637827
A632,-8.6295185,-12.194364,0.1475949,-1.5089949,-1.7902128,-4.290059,-2.3080127,-0.32756668
A634,23.341967,24.8749,-1.3976439,2.616303,-4.0095057,2.3591573,-0.22304563,0.27688164
A635,-4.732149,-8.202875,0.88402444,-0.24321789,1.5779788,-0.10837292,0.3178701,0.20873074
A641,-5.475318,-1.9952196,-1.4270325,-3.0034664,-4.430122,-3.8985603,-2.7598848,-1.2015946
A654,23.912994,34.460754,-2.9073052,0.42401814,-5.8852916,1.0097655,-1.3505322,-0.8207758
A659,-4.859706,-4.855478,-0.84534407,-2.0711074,-2.504091,-2.8710372,-1.7811111,-0.7816025
A661,2.1871905,8.755516,-1.95793,-2.0214894,-4.683788,-2.0009537,-2.0916371,-1.1118026
A679,-37.47771,-11.534908,5.553378,-12.894027,-7.9831176,-9.868535,-7.4343295,-2.264171
A680,23.174906,26.735796,-2.0187478,4.8878803,-3.9624755,6.1839404,1.2600664,0.7535202
A682,-12.130784,-13.8472805,-1.2552644,-4.2894015,-4.0235233,-5.8800554,-3.4371784,-1.4903495
Ab28A,8.483129,10.245446,1.586118,3.2037039,3.4119337,4.0197787,2.5931053,1.3137337
B10,-8.826598,-3.0008748,1.9741997,0.63812536,6.128737,3.5844505,3.2175498,0.79775316
B103,6.984904,13.512141,-1.0243081,-0.5322351,-3.7527583,-1.2693843,-1.6659982,-0.48924714
B104,10.864097,-1.884359,-1.8864539,-0.80540246,-0.9287742,-1.7002717,-1.0089976,-0.8690363
B105,-17.096603,-22.308762,2.507969,0.047479566,4.2243223,-0.58754975,0.9800052,0.8014644
B109,9.903478,14.31867,-1.2953094,0.26730368,-3.2371395,0.5179048,-0.7798464,-0.31153855
B115,3.5193794,5.1932893,0.67696303,1.2551571,2.383389,2.4015903,1.6041882,0.5195215
B14A,16.825222,-3.8738525,-5.1515627,1.8549907,4.744673,3.384718,3.0444572,-1.2581785
B164,3.6638734,-3.4402986,-1.7693877,-1.6534588,-2.466242,-2.5278034,-1.6981351,-0.9872915
B2,13.156676,12.177572,-3.3227754,-1.4969007,-6.863342,-3.2971635,-3.4643514,-1.4882392
B37,13.931465,24.16307,1.1913211,4.9205365,3.7277086,9.8672,5.076637,1.7107168
B46,10.443335,15.334304,-0.4452517,1.2767521,-2.9714532,-0.20328538,-1.0915965,0.16597846
B52,0.9017669,6.468092,1.3674289,1.6152809,0.74811566,1.1136621,0.6462106,0.8413535
B57,2.9977565,-0.26933423,-1.292649,-1.2394657,-2.0527806,-1.566514,-1.1850872,-0.7326155
B64,-27.934805,-34.320965,-6.6871667,-13.691318,-15.005777,-18.963633,-11.885732,-5.6661987
B68,-26.759558,-4.6085052,5.8105173,-1.535123,14.965509,9.237197,8.39,1.4681909
B73,-1.7954214,-5.3631153,1.387359,-2.7410665,-1.5652016,-5.338138,-2.928542,-0.08772339
B73Htrhm,11.76849,-7.8437967,-9.469136,-4.729853,-1.9208258,-6.753732,-3.6427174,-5.1867766
B75,-0.23957224,-13.97158,-1.3837017,-2.0348873,-0.9359967,-3.083813,-1.4349566,-0.9596552
B76,-3.3572128,-3.5878096,-1.9803894,-3.8647654,-7.0606575,-7.965746,-5.4706264,-1.7164398
B77,1.5005171,9.563183,-1.4690182,-1.6407915,-4.6566978,-2.201986,-2.192906,-0.87574905
B79,24.790173,25.864374,-0.084461525,3.9328089,-0.8874489,3.1445155,0.9574531,0.9668066
B84,6.854418,20.87548,1.0386579,2.490151,-0.8624679,2.779902,0.83569777,0.97065187
B97,12.1687765,19.392527,-0.09669305,1.778666,0.17646843,3.0562494,1.2203268,0.4240005
C103,3.2078745,6.841315,2.95524,4.3366218,6.8989005,7.3567395,4.971291,2.1161704
C123,-12.346959,-17.132591,-1.3657444,-3.9033194,-3.2262032,-5.4044104,-3.108496,-1.457093
C49A,-10.475643,-24.58708,-1.4563826,-3.6993058,-1.3052516,-4.954223,-2.251046,-1.3922002
CH701-30,-3.8172808,-4.8464165,-2.0118601,-3.186449,-3.9246392,-3.9631636,-2.6049337,-1.4175056
CH9,-12.953152,-15.851318,-0.46791396,-2.8018715,-0.03936676,-2.6616783,-0.95260096,-0.8372892
CI.7,3.439162,15.299806,0.26977974,0.6515342,-0.8281626,1.7228479,0.4073851,0.24548891
CI187-2,-7.5139103,2.0573182,2.0935757,1.3080475,4.414774,3.7557337,2.7137425,0.9969778
CI21E,-14.661946,-8.444845,0.3929567,-2.4236813,-1.0630676,-2.300789,-1.2014649,-0.5133025
CI28A,-17.86925,-14.112492,2.3617597,-0.56901073,4.6124396,1.1423689,1.9793425,0.66253793
CI31A,-8.606994,-14.475414,3.6497023,3.3889964,7.914651,4.4536276,4.0974746,2.0377617
CI3A,3.8955991,2.5786178,0.40922713,0.8310065,1.1246282,0.875931,0.6628708,0.32964122
CI64,-9.851898,-13.351478,-2.8609245,-6.073167,-6.3030367,-8.469242,-5.3444996,-2.5854704
CI66,-3.9544182,-14.684666,2.21721,2.317494,6.761491,2.8708327,3.202454,1.3220167
CI90C,10.935093,2.6438289,-0.09593082,1.7989014,1.3708373,1.5168741,0.9728975,0.428906
CI91B,-9.097358,0.360117,3.6084116,2.3717997,5.879891,4.195364,3.4041038,1.7927682
CM105,-15.134784,0.54084796,-2.505273,-9.307553,-14.156021,-9.532698,-8.631927,-3.4192543
CM174,20.20233,-19.197428,-1.0997031,5.717277,11.876938,5.4709334,6.4038215,1.3905636
CM37,-15.648972,6.485406,-0.38247308,-2.8124135,-6.134647,-3.2050557,-2.954555,-0.789721
CM7,5.557247,11.540592,-2.6815665,-2.367878,-6.5369787,-3.1557882,-3.0767574,-1.4328495
CML10,11.338956,7.9444895,-0.14685653,5.8687143,2.5072396,6.0449114,3.3654532,1.695503
CML103,-5.73949,3.2857184,-1.105293,-2.272319,-4.1414495,-2.5325189,-2.0629873,-0.89160705
CML108,23.698225,20.655466,-0.17984696,3.8329954,0.12911963,3.684228,1.5961325,0.943641
CML11,-20.427378,-7.483476,0.9504139,-5.4934535,-0.2678816,-3.296218,-1.4927977,-1.2395684
CML14,21.428139,44.97785,0.27314705,4.148366,0.029088804,7.4053116,2.933185,1.1859183
CML154Q,-13.990689,-11.178827,-0.57563555,-2.6509066,-1.6413542,-2.1421824,-1.0925612,-0.82003987
CML157Q,4.820996,1.3455571,-0.91816,0.03043257,-1.2773085,0.032594256,-0.20504494,-0.24907199
CML158Q,-16.648138,NaN,0.9937019,-1.0003941,3.4321198,NaN,NaN,0.11907
CML218,12.255878,17.772053,-0.7777539,1.2225182,-2.6913087,1.2639074,-0.15976107,0.07714402
CML220,-3.7669153,-1.4632087,-3.0009203,-4.242384,-6.256823,-4.654113,-3.5325952,-2.015216
CML228,16.16707,23.769224,-0.79392445,1.8327007,-2.7785668,2.148501,0.11504389,0.18944927
CML238,13.827015,6.8831143,-0.3295388,2.1807373,-0.3978429,1.5829811,0.65546155,0.45629868
CML247,-19.924248,-29.982985,2.241531,0.09777819,4.9483814,0.115516834,1.6236713,0.7806373
CML254,24.983335,NaN,1.3921918,6.3391027,2.5610042,NaN,NaN,2.1212711
CML258,NaN,NaN,2.1995208,NaN,4.4321647,NaN,NaN,NaN
CML261,12.250583,NaN,-0.52806634,1.9490572,-0.6574541,NaN,NaN,0.44556257
CML264,NaN,NaN,1.07064,NaN,1.0240449,NaN,NaN,NaN
CML277,2.2377164,0.35095075,0.60887283,1.4432701,1.7377001,1.607397,1.1339929,0.6256059
CML281,NaN,NaN,0.41349554,NaN,0.45524138,NaN,NaN,NaN
CML287,NaN,NaN,-0.64011514,NaN,-0.9060301,NaN,NaN,NaN
CML311,NaN,NaN,2.2023368,NaN,3.6909952,NaN,NaN,NaN
CML314,18.105717,27.442165,-2.1072142,0.8984547,-3.2035651,2.5929804,0.2474681,-0.3325704
CML321,4.178662,-0.77607435,0.58703005,1.8651032,0.13375302,0.59690106,0.35360196,0.71084386
CML322,-5.657708,8.423594,-1.1539613,-1.9008423,-2.6307366,0.10158937,-0.61481315,-0.77903646
CML323,-4.9336557,-3.841509,-0.07618249,-0.5239808,-0.16046958,0.0039581265,0.09395445,-0.12077371
CML328,26.854921,38.905926,-3.1887481,0.6208663,-6.827744,1.1642703,-1.4544946,-0.81969005
CML331,NaN,NaN,2.5552511,NaN,4.265416,NaN,NaN,NaN
CML332,14.380535,NaN,-2.6856763,1.5136714,-3.9366605,NaN,NaN,0.107614264
CML333,7.692979,-13.423038,-0.5882631,0.8012904,0.8821271,-0.7051737,0.07867508,0.039054863
CML341,6.8504786,NaN,-1.4128345,-0.22850108,-4.704226,NaN,NaN,-0.44134188
CML38,-4.6786103,NaN,0.57136536,0.4310495,2.8363714,NaN,NaN,0.35119677
CML45,25.266993,39.468468,1.8210717,6.7653265,3.0393639,8.731683,4.23743,2.338083
CML5,NaN,NaN,0.28670844,NaN,-3.006125,NaN,NaN,NaN
CML52,6.003635,19.438463,2.9043224,4.8669825,5.6604605,7.9145494,4.806627,2.1751432
CML61,NaN,NaN,0.3852145,NaN,2.3973122,NaN,NaN,NaN
CML69,1.5098213,-1.8825758,0.5890278,1.322803,1.9477109,1.8941972,1.390446,0.54150355
CML77,2.9027092,-17.231253,-0.5173246,-0.16143416,-1.7657572,-3.803023,-1.8700805,-0.18991253
CML91,18.791977,38.808292,-0.3441101,2.8147945,-0.79770905,5.6658688,2.0842679,0.66084373
CML92,-11.659617,-0.33400175,1.0065247,-0.3244725,0.7216122,1.0795081,0.73958284,0.2625424
CMV3,-11.818421,-19.99591,0.49142003,-1.5319264,0.24047674,-2.878405,-0.9911419,-0.22169986
CO106,-3.6035767,0.020515537,-3.1971262,-4.6157336,-7.240526,-5.7781854,-4.318984,-2.1752927
CO125,-10.691309,-19.762604,-1.8110913,-3.9975424,-2.7510152,-4.951389,-2.6321273,-1.556589
CO255,0.18499893,3.0899103,-2.5303795,-2.7390995,-6.1190004,-3.4486625,-3.0797217,-1.471318
D940Y,20.617224,38.24382,1.9685034,6.039178,3.2641406,8.862323,4.384856,2.1603374
DE1,1.5330989,13.485846,0.480739,2.3205004,-3.606988,3.8787851,0.20599428,0.754116
DE811,-25.725363,-24.956043,3.8627455,1.2522542,5.035344,-0.4273615,1.2030257,1.5346339
DE_2,-18.484116,-41.67373,2.323426,-1.6469129,9.640949,-3.5062122,1.7046682,0.3096984
DE_3,6.8480015,13.965408,-0.66885483,0.26988724,-2.3731794,0.15895593,-0.6606157,-0.1435818
E2558W,3.9523938,-1.7815055,-1.0301511,-0.5560452,1.5017245,0.77288294,0.74513024,-0.4712898
EP1,-14.529679,-21.828403,-1.3832957,-3.9280107,-2.5144508,-5.0048714,-2.505409,-1.377883
F2834T,-6.3322678,-3.95082,-1.8926595,-3.0793872,-4.0522947,-3.279421,-2.375175,-1.3550385
F44,19.81237,-6.069653,0.8319201,4.260475,3.962202,2.1980338,2.00851,1.3290753
F6,-9.547796,-2.6260326,4.451375,4.139389,7.4373126,5.6595635,4.3913817,2.465393
F7,-15.893785,-23.558754,-0.3766554,-3.0059183,-0.9200127,-4.1862636,-1.7237998,-0.8262349
GA209,14.255809,19.966095,1.5118412,4.2350235,3.2896943,5.5706563,3.1143615,1.5523801
GT112,0.6790811,3.475865,1.1524233,1.6909982,1.0216894,2.300508,1.3161955,0.76338243
H105W,-13.373155,-4.1376433,0.18583192,-2.1184428,-0.13205811,-0.11566398,-0.0050468897,-0.45198533
H49,5.808631,8.697939,-2.3388417,-1.2498016,-4.010885,-1.6140279,-1.8959312,-1.1291195
H84,-8.215064,-22.265554,0.9077574,-0.5846298,4.7937775,-0.9068749,1.0883183,0.10995924
H91,-10.2253895,-5.901254,4.7446,0.75602806,-1.4124138,-2.9953241,-1.9089141,1.7479804
H95,-3.987299,10.421709,0.57777834,-0.2582104,-0.5692701,0.99782145,0.27112466,0.1314697
H99,-4.7407613,-1.5847033,-0.75557965,-1.8016222,-1.5991405,-1.7332296,-1.1012281,-0.6886911
HP301,10.034418,2.8458645,-3.779713,-1.4523998,-7.1991,-4.277306,-4.0745296,-1.6951345
Hi27,9.655622,21.287153,0.7802899,3.0205266,0.6014805,4.448708,1.969094,1.0377243
Hy,14.278851,5.8820014,0.64197916,3.4670577,3.7111003,3.924237,2.5667388,1.0933523
I137TN,-3.5985866,1.9989218,1.2769738,1.0710995,1.6943893,1.8198544,1.2447581,0.68577933
I205,-1.4629732,-3.646547,2.3215294,2.911834,3.493738,2.7501218,2.1845129,1.536883
I29,-5.782205,-7.304936,-2.3274117,-3.701334,-5.542338,-5.1513343,-3.5433743,-1.6510731
IA2132,-12.576632,-8.972886,-0.41429463,-2.584602,-1.7668854,-2.7915306,-1.3901862,-0.6842644
IDS28,7.031096,7.4895825,-0.4531248,0.49576765,-0.2659598,0.6861305,0.19955723,-0.010396672
IDS69,-30.409367,-35.000435,8.8547,1.7390989,13.7784,1.707294,5.4011297,3.5713139
IDS91,0.43239895,-6.1235137,-6.2347736,-5.3777275,-7.375691,-5.1526437,-4.559452,-3.5765731
Ia5125,-5.280395,-1.078052,1.3274964,0.81382114,1.7225184,1.2526838,1.0763522,0.67277783
Il101,5.707191,3.0250235,0.9178153,2.1154978,3.2511437,2.935627,2.2574654,0.9226472
Il14H,21.328428,32.20957,-0.80176467,3.2153592,-1.9464518,4.22685,1.4716178,0.7884456
Il677a,NaN,NaN,3.2247925,NaN,7.078453,NaN,NaN,NaN
K148,0.0086418595,-2.8213787,-0.48294702,-0.58965796,2.153761,1.1759642,1.0958253,-0.30383357
K4,-3.307311,-4.162664,1.0186607,0.73953557,1.6699426,0.740646,0.77234274,0.5131238
K55,-6.356691,5.519901,-2.0754328,-3.5204465,-6.6110997,-3.366808,-3.3418407,-1.5787499
K64,10.728697,12.769811,3.9318688,7.194346,8.025073,9.123757,5.997386,3.1453953
KY226,-12.477115,-19.244247,0.005911204,-1.8021479,0.5828412,-2.2246242,-0.5948066,-0.42502543
KY228,-9.57466,-9.227137,2.8201442,2.123554,7.088918,4.383832,3.779174,1.4370323
Ki11,19.294348,11.725901,-0.3074658,2.6915414,-0.24995165,1.7255478,0.64832723,0.5306593
Ki14,-1.3842372,NaN,0.88088834,0.8903208,3.9772456,NaN,NaN,0.4378132
Ki2021,NaN,27.878763,-1.259998,NaN,-3.513368,2.424047,0.18060666,NaN
Ki21,-4.0558176,-5.1167717,1.087282,0.74052364,0.96314806,0.25639138,0.516617,0.52142006
Ki3,-14.955054,-13.675369,-0.30029163,-2.9511857,-0.8599656,-2.148482,-0.8003637,-0.8981836
Ki43,8.700179,14.151973,0.17190029,1.710759,-0.069026016,2.4830415,0.9923446,0.455916
Ki44,6.599102,-9.193284,0.48698604,1.9902182,1.6047677,0.42631903,0.74663126,0.67993516
Ky21,4.809085,-10.038179,2.2491875,3.474016,7.4750266,4.110142,3.727439,1.5725439
L317,-9.759078,-20.037678,1.0384365,-0.45015314,3.946114,-0.42907152,1.0110105,0.21855764
L578,1.3526489,-3.8203025,1.4746448,2.1121776,3.8880506,2.5707183,2.1422045,1.0014923
M14,-5.4422774,-4.3067994,-0.823491,-2.1912167,-1.9726858,-2.7540371,-1.5924193,-0.7766649
M162W,8.683725,14.446682,2.291547,4.5764885,1.7770668,4.2517996,2.2501445,1.9419047
M37W,-11.04237,-19.468746,-1.3384886,-3.7191575,-1.7673873,-5.042928,-2.4618556,-1.3762467
MEF156-55-2,7.144708,-1.6015859,-2.110427,-1.6024616,-3.509045,-3.1092525,-2.1739929,-1.0642612
MO1W,-5.6127915,-11.171358,-0.32048294,-1.3457636,2.7593334,-0.23243454,0.81946015,-0.4456914
MS1334,-11.856501,-4.690284,-2.4040148,-4.960735,-7.371236,-6.409397,-4.573152,-1.9880134
MS153,-5.3494406,-13.037454,-0.10301457,-1.0610621,0.5986988,-1.5849069,-0.36569193,-0.28211296
MS71,7.6285605,13.185217,-0.22833805,0.76043725,0.013211734,1.8558689,0.70662534,0.13145807
Mo17,10.261113,5.3654423,-2.1983876,-0.4965872,-1.7986517,-0.52984,-0.8270617,-0.84602994
Mo18W,9.296684,1.8850858,0.8065065,2.91962,1.337848,2.1499257,1.2910582,1.0266333
Mo24W,-4.375513,0.34862316,0.71110195,0.11253876,2.7908325,2.2366614,1.6863041,0.25227126
Mo44,-2.4033031,-15.226274,-0.5872571,-2.014418,2.5033822,-2.4616716,-0.18972024,-0.71649146
Mo45,-13.160352,-10.724726,0.83739525,-1.1879628,0.885363,-1.0574292,-0.091431774,-0.01615104
Mo46,8.38788,1.6614649,0.48436892,1.956533,2.2468283,1.7293171,1.295067,0.64394397
Mo47,-8.868688,-7.908265,-2.187566,-4.251382,-5.9865694,-5.6939354,-3.897055,-1.7553046
MoG,0.42816556,-2.9896977,0.6468856,1.0160218,1.493261,1.0069594,0.8388216,0.47588974
Mp339,-0.61472696,3.8017526,0.24288973,0.08993115,1.0758107,1.179689,0.76050705,0.09251822
Mt42,-7.87479,-21.140202,-3.1470954,-5.175715,-5.170023,-7.109188,-4.1612396,-2.271367
N192,-1.1615742,0.041726798,-1.7570518,-3.066103,-5.20931,-3.614246,-3.0155847,-1.3714564
N28Ht,7.240314,4.9394436,-0.71497333,0.44657472,-1.0968462,-0.15745349,-0.3624059,-0.109830156
N6,-0.6977866,-6.2813177,-0.70311207,-0.9703295,-0.81960756,-1.4015577,-0.7421454,-0.45105925
N7A,3.3319721,6.8557644,-1.0930315,-1.2542688,-2.871077,-1.7650647,-1.5349362,-0.66460556
NC222,4.317494,-4.3442163,1.7175205,2.9235709,6.0484824,4.310593,3.4314208,1.2702916
NC230,-10.248533,-22.614555,2.104624,1.0608052,4.834574,0.20126145,1.5218805,0.9567002
NC232,-11.780968,-17.0549,1.6209608,0.21889867,4.0959973,0.6352552,1.4720032,0.5761413
NC236,4.911871,2.4950187,1.0161221,2.2134857,2.326373,2.4698648,1.6187912,0.88402325
NC238,-6.1942787,-4.3776,2.3824332,1.8180456,4.285596,2.6508758,2.4192493,1.2277097
NC250,1.9479842,-3.9105248,-1.7252927,-1.4588629,-1.8357321,-2.0965302,-1.3599141,-0.9254441
NC258,-2.2816172,7.2653484,0.14590138,0.3998236,-3.0460823,1.064814,-0.6309046,0.14314952
NC260,13.154345,15.274444,-0.47750795,2.0441804,-0.9029696,3.0377958,0.8974906,0.3908227
NC262,2.8263998,-8.163273,-7.688313,-9.999292,-9.476602,-14.500643,-9.212459,-5.515358
NC264,2.5696425,2.4451158,-3.2428238,-3.1513345,-4.579356,-2.862538,-2.4522524,-1.845248
NC290A,14.468402,33.19203,5.710603,10.332763,8.026267,17.380486,9.888686,4.984227
NC294,0.35683563,-4.54354,0.7801741,1.5051978,4.894285,3.3583806,2.7783601,0.669905
NC296,-30.33147,-37.107212,2.0855339,-12.417708,3.762078,-16.885172,-5.657614,-3.0997999
NC296A,-9.683034,-8.826507,-0.81980586,-3.0770235,-0.12640877,-2.1297915,-0.7143674,-1.0472054
NC298,5.5856695,15.304834,1.8440659,6.5757666,3.3042998,10.675905,5.651679,2.5955265
NC300,6.117309,-16.684813,4.989004,8.829509,11.40018,3.2523494,5.360984,4.267764
NC302,-13.189475,-25.896042,-1.3473046,-3.6995058,-2.013067,-5.1741,-2.5497909,-1.381515
NC304,2.4996333,1.0543833,-1.7393218,-1.0713431,-3.1104598,-1.0676681,-1.3062391,-0.822826
NC306,12.933017,14.614344,-0.6363361,2.8273957,-3.0107155,1.2680919,-0.379911,0.54479474
NC310,-7.778616,-8.957821,-1.2498784,-4.037982,-2.006549,-5.235951,-2.8759503,-1.6583327
NC314,-4.038744,-12.282402,-0.02735644,-1.0103345,-2.759913,-6.7668767,-3.9611647,-0.29802588
NC318,-18.701857,-19.11762,1.6197083,-1.571779,1.7541277,-2.2424462,-0.28369242,0.13570479
NC320,10.606029,16.964434,1.6467857,4.2613473,2.1036031,5.198891,2.6045787,1.6137531
NC324,-6.717299,-3.1074083,0.89053214,-0.18144211,4.5926604,5.3765645,3.9314408,0.24553922
NC326,15.653927,25.09528,5.4289393,10.496549,7.2389927,14.975928,8.691885,4.9724503
NC328,-6.641051,0.1118202,5.430435,4.7751765,3.162713,3.474614,2.5325713,3.2426171
NC33,-5.778047,-1.2820306,2.4585142,2.1388204,5.4469643,4.1800447,3.2671669,1.314407
NC336,11.008966,22.74794,-3.4850042,-0.43561244,-13.774165,-0.31336847,-6.2520547,-1.8312652
NC338,-2.4086473,-3.6449797,-0.46154398,-0.32712185,-1.5426832,-0.9310345,-0.76941687,-0.20181869
NC340,-11.572426,17.6596,-5.7829685,-10.039286,-13.768347,-3.8491802,-6.13844,-4.795878
NC342,8.073254,10.293607,-0.5396372,0.4395198,-2.4286442,-0.55801916,-0.9292086,-0.07584744
NC344,-9.641265,-16.663107,1.9649453,-0.08965575,5.2425833,-1.6433208,1.0012851,0.5774127
NC346,33.51533,44.807934,-2.7990537,13.574423,-7.1108894,17.641722,4.939905,3.2299597
NC348,-24.424019,-25.033863,-3.004131,-10.493874,-7.875669,-14.781644,-8.59593,-3.9570236
NC350,-19.098776,-17.842121,0.22978462,-2.2117596,-1.3401396,-2.6792016,-1.3582817,-0.45968568
NC352,3.2879074,-18.23457,6.078167,6.2137723,21.965214,7.5765333,11.3923,4.072887
NC354,2.1155179,4.620962,0.45832172,1.4629183,-0.428933,1.297455,0.4468333,0.52071077
NC356,-12.661178,-9.27507,-0.46685094,-2.2045102,-1.126741,-1.4389474,-0.8600212,-0.7128357
NC358,-9.573618,-17.901276,-0.8172573,-2.0148542,-2.5238028,-3.8509264,-2.1522071,-0.7312702
NC360,-8.398365,-0.3406096,1.1658967,0.17038812,-0.66182727,-0.67773336,-0.40139344,0.4126919
NC362,3.1252549,-5.8357058,2.641645,11.493511,5.2603197,12.558953,8.755983,6.70918
NC364,-19.165188,-27.128044,-3.4451404,-14.856126,-4.897399,-16.972294,-10.346306,-7.8261623
NC366,-8.279161,-4.7587876,1.6363864,0.8601711,2.7403402,1.9176853,1.6164796,0.7476134
NC368,-11.116504,-6.808782,1.1101521,-2.0079722,1.4131567,-1.6627431,-0.20045805,-0.18747257
ND246,-12.639462,-13.291899,-1.897326,-4.4760404,-4.709577,-5.63457,-3.4789922,-1.7144359
OH7B,20.460155,19.707962,3.372289,7.7760553,6.280231,8.21241,5.069262,3.0755951
Oh40B,6.922367,18.996027,1.7563345,3.291785,3.4307072,5.836372,3.2209814,1.4038055
Oh43,7.70271,13.709596,-3.9114082,-3.0372646,-8.410423,-3.3454945,-4.068898,-2.1346745
Oh43E,-0.45206526,-7.5837646,2.495204,2.881359,6.01897,3.3111439,3.2616289,1.623237
Oh603,4.938672,16.95475,-0.87341267,-0.27599397,-0.8216242,2.1156983,0.61110705,-0.34307286
Os420,0.077662654,0.5913206,-0.56828487,-0.7773938,-1.0457596,-0.621561,-0.5195891,-0.37095982
P39,1.0256977,1.196465,-0.95312756,-1.0556056,-2.1349716,-1.8309615,-1.1666921,-0.47117448
Pa762,-0.22724074,1.0032083,2.0032616,2.0453858,2.9712746,1.5835297,1.5364344,1.1648891
Pa875,3.4627929,7.933531,-0.13993083,0.644126,-0.8721843,0.8091687,0.1084258,0.14255291
Pa880,-7.2643285,-11.044806,0.30091047,-0.7030627,0.96804243,-1.0184005,-0.10586219,-0.08229425
Pa91,-7.031335,-9.5539465,2.3385098,2.1303017,6.2237887,3.5022852,3.2277043,1.3072673
R109B,8.358956,14.042175,-0.5471343,0.75227594,-1.9358013,0.8334476,-0.21964969,0.03378025
R168,3.285626,-3.1142023,-1.784868,-2.0851157,-5.268068,-5.2476892,-3.5875304,-1.1012208
R177,-10.947257,-27.37158,0.6328606,-1.1074426,4.2489595,-1.2223034,0.7866823,-0.08325371
R229,-22.172613,-27.939192,3.5417092,-1.8705299,8.903935,0.49626902,3.0463212,0.72905564
R4,-0.013408472,6.076752,0.7686128,0.6867879,1.7127533,2.0526724,1.3498434,0.4469279
SA24,7.2941537,18.15528,-0.667735,-0.023944119,-2.121444,0.6704912,-0.42751545,-0.23652828
SC213R,5.5061374,NaN,-0.42328718,0.8153278,1.7155669,NaN,NaN,0.06890878
SC357,11.291319,20.702154,-0.34528804,1.33779,-2.077765,1.4471611,-0.076384984,0.20508438
SC55,-7.20462,-5.2004585,1.567729,1.0121855,2.3659418,1.4067935,1.2601551,0.7592063
SD40,19.44034,25.109062,-2.698094,-0.2611683,-4.398979,0.17429918,-1.2602239,-0.9530813
SD44,6.83731,0.302767,-3.7843218,-3.7666018,-5.7942357,-4.9932723,-3.557393,-2.1450624
Sg1533,-5.224776,-0.5148138,1.0452363,-0.5761312,0.8959733,-0.88590646,-0.11813914,0.14900656
Sg18,9.668637,18.114464,1.0083967,3.090214,2.1855993,5.60862,3.0152636,1.2192302
T232,7.834156,6.467724,-0.030671488,0.85403603,2.0355568,2.0814505,1.4148363,0.18630612
T234,-8.241941,-17.225332,2.5843809,1.9007304,6.434276,2.4781723,2.8712425,1.2978067
T8,-7.6951556,16.910656,-0.5221652,-1.7875645,-4.983246,1.1569607,-1.1391253,-0.64685017
Tx303,0.6548009,-32.91016,0.17974687,0.41265073,1.4654062,-3.254545,-0.716369,0.17115639
Tx601,1.2639612,-0.95975447,0.6923248,1.4583164,2.3431673,2.2471278,1.675432,0.63311946
Tzi10,0.25982916,NaN,1.0740861,1.7511792,4.409847,NaN,NaN,0.82818943
Tzi11,-16.451406,-13.030157,-0.85952437,-3.4525018,-0.3494912,-1.6410962,-0.6319094,-1.1243912
Tzi16,-16.390776,-16.490612,0.7696144,-1.4861281,0.093659304,-1.870291,-0.5863082,-0.11906114
Tzi18,2.3079753,1.1602851,-0.73704165,-0.23606871,-2.2136326,-0.8191843,-0.82704747,-0.2686152
Tzi25,-10.477634,-9.932191,0.4956031,-0.9869545,0.9932055,-0.17297511,0.29487115,-0.07329735
Tzi8,NaN,NaN,0.3439255,NaN,1.9870323,NaN,NaN,NaN
Tzi9,-6.715393,-6.9743743,-0.04185134,-0.9417972,-2.7234616,-2.5103424,-1.6526616,-0.24545078
U267Y,-3.7724068,-1.4129105,2.1094618,2.0697403,4.83637,3.4970677,2.796289,1.1949728
VA102,4.4287205,-10.59688,-4.930406,6.661349,4.317995,2.343712,3.5005167,0.88535255
Va14,0.25385994,9.4495945,0.69303364,0.81714493,1.4840372,3.1357775,1.6862495,0.42939475
Va17,2.057826,-5.602167,0.32939637,0.98928523,0.977885,-1.43839,-0.32396534,0.33576512
Va22,8.690327,-1.5956895,-0.5258377,0.73215723,1.3142997,0.5793526,0.57776326,0.002553452
Va26,-6.1689363,-7.297048,0.40823597,-1.1023206,-1.1667753,-2.7677882,-1.3607183,-0.13188192
Va35,-8.213261,-20.538414,1.9240602,1.0911436,4.452031,-1.3210157,1.0045038,0.9649604
Va59,-11.253763,-15.370504,-1.7922882,-4.178855,-3.0498831,-4.5676837,-2.6913977,-1.655464
Va85,18.927855,18.62474,-1.8338181,0.6033912,-2.5065298,0.6965646,-0.49124074,-0.4341227
Va99,-21.96122,-24.778618,0.20435204,-4.2354517,0.093362756,-4.82813,-1.9080942,-1.0744861
VaW6,-1.4920384,-5.760424,-1.416677,-1.9979007,-2.268417,-2.541052,-1.591343,-0.9559456
W117Ht,-7.5189033,-7.4799848,-1.8003455,-3.4810991,-4.042465,-4.238471,-2.7858734,-1.4445233
W153R,-0.32407433,-1.9548472,-0.39463004,-0.637803,-0.045200605,-0.46054295,-0.13495563,-0.25325713
W182B,-15.417734,-22.559406,-0.9133681,-4.0966134,-1.213297,-5.4457507,-2.3767023,-1.3269827
W22,1.9291114,10.310034,0.3924411,0.57353634,0.7070476,2.1194966,1.055915,0.2807139
W64A,12.534568,9.435793,-3.0552943,-1.1324933,-4.48005,-1.9148531,-2.1096685,-1.2751273
WD,-1.1137967,6.6142535,-2.0298557,-2.4308841,-6.6493764,-3.333245,-3.2343948,-1.2431759
Wf9,-9.547894,3.4949293,3.3217943,0.6499098,-0.65995073,0.16261084,-0.2184654,1.2751133
Yu796_NS,-6.1918707,-7.9466257,-0.40574545,-1.5104457,-2.1752563,-2.938571,-1.750586,-0.501781
